TITLE filter bartlett 1000m
MATRIX 21
0 0 0 0 0 0 0 0 0 0 0 0 0 0 0 0 0 0 0 0 0
0 0 0 0 0 0 0.0151 0.0513 0.078 0.0945 0.1 0.0945 0.078 0.0513 0.0151 0 0 0 0 0 0
0 0 0 0 0 0.0566 0.1056 0.1456 0.1754 0.1938 0.2 0.1938 0.1754 0.1456 0.1056 0.0566 0 0 0 0 0
0 0 0 0.0101 0.078 0.1398 0.1938 0.2384 0.272 0.2929 0.3 0.2929 0.272 0.2384 0.1938 0.1398 0.078 0.0101 0 0 0
0 0 0 0.078 0.1515 0.219 0.2789 0.3292 0.3675 0.3917 0.4 0.3917 0.3675 0.3292 0.2789 0.219 0.1515 0.078 0 0 0
0 0 0.0566 0.1398 0.219 0.2929 0.3597 0.4169 0.4615 0.4901 0.5 0.4901 0.4615 0.4169 0.3597 0.2929 0.219 0.1398 0.0566 0 0
0 0.0151 0.1056 0.1938 0.2789 0.3597 0.4343 0.5 0.5528 0.5877 0.6 0.5877 0.5528 0.5 0.4343 0.3597 0.2789 0.1938 0.1056 0.0151 0
0 0.0513 0.1456 0.2384 0.3292 0.4169 0.5 0.5757 0.6394 0.6838 0.7 0.6838 0.6394 0.5757 0.5 0.4169 0.3292 0.2384 0.1456 0.0513 0
0 0.078 0.1754 0.272 0.3675 0.4615 0.5528 0.6394 0.7172 0.7764 0.8 0.7764 0.7172 0.6394 0.5528 0.4615 0.3675 0.272 0.1754 0.078 0
0 0.0945 0.1938 0.2929 0.3917 0.4901 0.5877 0.6838 0.7764 0.8586 0.9 0.8586 0.7764 0.6838 0.5877 0.4901 0.3917 0.2929 0.1938 0.0945 0
0 0.1 0.2 0.3 0.4 0.5 0.6 0.7 0.8 0.9 1 0.9 0.8 0.7 0.6 0.5 0.4 0.3 0.2 0.1 0
0 0.0945 0.1938 0.2929 0.3917 0.4901 0.5877 0.6838 0.7764 0.8586 0.9 0.8586 0.7764 0.6838 0.5877 0.4901 0.3917 0.2929 0.1938 0.0945 0
0 0.078 0.1754 0.272 0.3675 0.4615 0.5528 0.6394 0.7172 0.7764 0.8 0.7764 0.7172 0.6394 0.5528 0.4615 0.3675 0.272 0.1754 0.078 0
0 0.0513 0.1456 0.2384 0.3292 0.4169 0.5 0.5757 0.6394 0.6838 0.7 0.6838 0.6394 0.5757 0.5 0.4169 0.3292 0.2384 0.1456 0.0513 0
0 0.0151 0.1056 0.1938 0.2789 0.3597 0.4343 0.5 0.5528 0.5877 0.6 0.5877 0.5528 0.5 0.4343 0.3597 0.2789 0.1938 0.1056 0.0151 0
0 0 0.0566 0.1398 0.219 0.2929 0.3597 0.4169 0.4615 0.4901 0.5 0.4901 0.4615 0.4169 0.3597 0.2929 0.219 0.1398 0.0566 0 0
0 0 0 0.078 0.1515 0.219 0.2789 0.3292 0.3675 0.3917 0.4 0.3917 0.3675 0.3292 0.2789 0.219 0.1515 0.078 0 0 0
0 0 0 0.0101 0.078 0.1398 0.1938 0.2384 0.272 0.2929 0.3 0.2929 0.272 0.2384 0.1938 0.1398 0.078 0.0101 0 0 0
0 0 0 0 0 0.0566 0.1056 0.1456 0.1754 0.1938 0.2 0.1938 0.1754 0.1456 0.1056 0.0566 0 0 0 0 0
0 0 0 0 0 0 0.0151 0.0513 0.078 0.0945 0.1 0.0945 0.078 0.0513 0.0151 0 0 0 0 0 0
0 0 0 0 0 0 0 0 0 0 0 0 0 0 0 0 0 0 0 0 0
DIVISOR 1
TYPE P
