proj:       99
zone:       0
north:      6658900
south:      6622800
east:       194700
west:       146900
cols:       478
rows:       361
e-w resol:  100
n-s resol:  100
top:        1.000000000000000
bottom:     0.000000000000000
cols3:      478
rows3:      361
depths:     1
e-w resol3: 100
n-s resol3: 100
t-b resol:  1
